x> y^ xf yf
Frequency (Hz)	Power (dB)
0	-36.2949638
43.0664062	-36.409729
86.1328125	-36.4945297
129.199219	-36.5233002
172.265625	-36.4897537
215.332031	-36.3934593
258.398438	-36.2137985
301.464844	-35.9801826
344.53125	-35.4889565
387.597656	-34.7064552
430.664062	-34.4449806
473.730469	-34.4552727
516.796875	-34.5292625
559.863281	-34.7070656
602.929688	-34.9451141
645.996094	-35.2198486
689.0625	-35.4740181
732.128906	-35.7406273
775.195312	-35.9407959
818.261719	-36.0995865
861.328125	-35.3263397
904.394531	-35.2386017
947.460938	-35.1284103
990.527344	-34.5207062
1033.59375	-34.3692131
1076.66016	-34.3061523
1119.72656	-34.4005241
1162.79297	-34.5672684
1205.85938	-34.7292252
1248.92578	-34.9093399
1291.99219	-35.0475502
1335.05859	-35.179039
1378.125	-35.3166466
1421.19141	-35.453083
1464.25781	-35.6291466
1507.32422	-35.974762
1550.39062	-36.1277199
1593.45703	-35.8211823
1636.52344	-35.4071503
1679.58984	-35.152317
1722.65625	-35.0506401
1765.72266	-34.9893456
1808.78906	-34.9780655
1851.85547	-35.0385971
1894.92188	-35.1665344
1937.98828	-35.4057007
1981.05469	-35.6857414
2024.12109	-36.0191193
2067.1875	-36.3936234
2110.25391	-36.9441452
2153.32031	-37.5767822
2196.38672	-37.7026176
2239.45312	-37.2614021
2282.51953	-37.1690903
2325.58594	-37.1527214
2368.65234	-37.1282463
2411.71875	-37.084507
2454.78516	-37.1337318
2497.85156	-37.1697578
2540.91797	-37.2944374
2583.98438	-37.4262695
2627.05078	-37.5768204
2670.11719	-37.8467674
2713.18359	-38.1120872
2756.25	-38.6801872
2799.31641	-38.835247
2842.38281	-38.5091133
2885.44922	-38.2853355
2928.51562	-38.1031761
2971.58203	-38.079731
3014.64844	-38.0979843
3057.71484	-38.2386169
3100.78125	-38.4290695
3143.84766	-38.6748657
3186.91406	-38.9969406
3229.98047	-39.3470268
3273.04688	-39.7583313
3316.11328	-40.1719246
3359.17969	-40.7760086
3402.24609	-41.3007202
3445.3125	-41.3866081
3488.37891	-41.1818123
3531.44531	-41.1535492
3574.51172	-41.2539291
3617.57812	-41.3093452
3660.64453	-41.3636131
3703.71094	-41.3856964
3746.77734	-41.4668159
3789.84375	-41.5353622
3832.91016	-41.6456947
3875.97656	-41.8129768
3919.04297	-42.1236534
3962.10938	-42.7607231
4005.17578	-43.4138374
4048.24219	-43.9859123
4091.30859	-43.6688232
4134.375	-43.9252396
4177.44141	-43.9979248
4220.50781	-44.4504166
4263.57422	-44.6498528
4306.64062	-44.8685265
4349.70703	-45.1320419
4392.77344	-45.8805351
4435.83984	-46.2583466
4478.90625	-46.6418533
4521.97266	-47.2165184
4565.03906	-47.6317635
4608.10547	-48.2007103
4651.17188	-48.5664291
4694.23828	-48.4515228
4737.30469	-48.3012619
4780.37109	-48.2085533
4823.4375	-48.1929626
4866.50391	-48.2181358
4909.57031	-48.2289543
4952.63672	-48.233448
4995.70312	-48.2903557
5038.76953	-48.4458427
5081.83594	-48.6246796
5124.90234	-48.8964958
5167.96875	-49.2113037
5211.03516	-49.8252068
5254.10156	-50.3689117
5297.16797	-50.6029396
5340.23438	-50.4612007
5383.30078	-50.5693092
5426.36719	-50.7059937
5469.43359	-50.8694344
5512.5	-50.9850464
5555.56641	-51.1729851
5598.63281	-51.3189697
5641.69922	-51.437233
5684.76562	-51.5690231
5727.83203	-51.5042686
5770.89844	-51.8539124
5813.96484	-52.0402756
5857.03125	-52.6389236
5900.09766	-52.9499626
5943.16406	-52.7966156
5986.23047	-52.5519295
6029.29688	-52.4631958
6072.36328	-52.4433327
6115.42969	-52.4212608
6158.49609	-51.9349747
6201.5625	-51.8414459
6244.62891	-51.7927895
6287.69531	-51.7566681
6330.76172	-51.9251633
6373.82812	-52.2955551
6416.89453	-52.6253967
6459.96094	-53.3580589
6503.02734	-53.873642
6546.09375	-54.0231209
6589.16016	-53.9997215
6632.22656	-54.0507011
6675.29297	-54.16605
6718.35938	-54.3126411
6761.42578	-54.4203568
6804.49219	-54.487278
6847.55859	-54.6048279
6890.625	-54.7123184
6933.69141	-54.8191452
6976.75781	-54.8702316
7019.82422	-55.115654
7062.89062	-55.4580383
7105.95703	-55.9351845
7149.02344	-56.1817703
7192.08984	-56.173851
7235.15625	-56.3769608
7278.22266	-56.4855576
7321.28906	-56.5999184
7364.35547	-56.7155724
7407.42188	-56.8109894
7450.48828	-56.9053345
7493.55469	-57.0463409
7536.62109	-57.1428757
7579.6875	-57.0978012
7622.75391	-57.3440895
7665.82031	-57.2512627
7708.88672	-58.0447464
7751.95312	-58.1645088
7795.01953	-58.1762314
7838.08594	-58.1941566
7881.15234	-58.2504311
7924.21875	-58.3049583
7967.28516	-58.3784065
8010.35156	-58.4103432
8053.41797	-58.4356499
8096.48438	-58.3899498
8139.55078	-58.3898544
8182.61719	-58.3709259
8225.68359	-58.3606491
8268.75	-58.4123192
8311.81641	-58.7302399
8354.88281	-59.0365257
8397.94922	-59.1269722
8441.01562	-59.1504211
8484.08203	-59.3284378
8527.14844	-59.4447746
8570.21484	-59.5940781
8613.28125	-59.7497368
8656.34766	-59.8593941
8699.41406	-59.976265
8742.48047	-60.1313057
8785.54688	-60.2448578
8828.61328	-60.3358574
8871.67969	-60.5106316
8914.74609	-60.6108856
8957.8125	-61.1467094
9000.87891	-61.165287
9043.94531	-61.1361122
9087.01172	-61.2677422
9130.07812	-61.3605347
9173.14453	-61.4355354
9216.21094	-61.53899
9259.27734	-61.6179161
9302.34375	-61.6823807
9345.41016	-61.725071
9388.47656	-61.8017921
9431.54297	-61.9000359
9474.60938	-61.7221069
9517.67578	-61.824688
9560.74219	-62.1183891
9603.80859	-62.2427444
9646.875	-62.1556625
9689.94141	-62.2743568
9733.00781	-62.4023552
9776.07422	-62.5065231
9819.14062	-62.620739
9862.20703	-62.7486877
9905.27344	-62.841507
9948.33984	-62.9312706
9991.40625	-63.021698
10034.4727	-63.131649
10077.5391	-63.2315788
10120.6055	-63.4064217
10163.6719	-63.6483154
10206.7383	-63.8444557
10249.8047	-63.840786
10292.8711	-63.9872856
10335.9375	-64.263237
10379.0039	-64.2746506
10422.0703	-64.352005
10465.1367	-64.4562836
10508.2031	-64.5401306
10551.2695	-64.6278915
10594.3359	-64.705574
10637.4023	-64.7642899
10680.4688	-64.8941193
10723.5352	-64.7848663
10766.6016	-64.8759918
10809.668	-65.3825684
10852.7344	-65.3743057
10895.8008	-65.3620834
10938.8672	-65.5026703
10981.9336	-65.5909271
11025	-65.6364365
11068.0664	-65.6724091
11111.1328	-65.7505569
11154.1992	-65.7906876
11197.2656	-65.8572693
11240.332	-65.9317551
11283.3984	-65.9802856
11326.4648	-66.0761871
11369.5312	-66.1320343
11412.5977	-66.3243713
11455.6641	-66.3553619
11498.7305	-66.2442245
11541.7969	-66.346344
11584.8633	-66.520134
11627.9297	-66.5710831
11670.9961	-66.6564941
11714.0625	-66.7459717
11757.1289	-66.7929764
11800.1953	-66.8415451
11843.2617	-66.9412918
11886.3281	-67.0004349
11929.3945	-67.0655518
11972.4609	-67.1952209
12015.5273	-67.272934
12058.5938	-67.3788528
12101.6602	-67.1919708
12144.7266	-67.5102234
12187.793	-67.5895004
12230.8594	-67.6796799
12273.9258	-67.7039642
12316.9922	-67.7723923
12360.0586	-67.8496017
12403.125	-67.9461136
12446.1914	-67.9628601
12489.2578	-67.9897995
12532.3242	-68.0586853
12575.3906	-67.8275681
12618.457	-67.9013367
12661.5234	-68.0376663
12704.5898	-68.0319138
12747.6562	-67.9012222
12790.7227	-67.905983
12833.7891	-67.9898071
12876.8555	-68.0500717
12919.9219	-68.1353989
12962.9883	-68.1654053
13006.0547	-68.2243576
13049.1211	-68.2826767
13092.1875	-68.3089447
13135.2539	-68.4177551
13178.3203	-68.5333252
13221.3867	-68.5830307
13264.4531	-68.7609634
13307.5195	-68.7534637
13350.5859	-68.6068192
13393.6523	-68.8466873
13436.7188	-68.9394531
13479.7852	-69.017662
13522.8516	-69.0574951
13565.918	-69.1626053
13608.9844	-69.195015
13652.0508	-69.2117691
13695.1172	-69.2685699
13738.1836	-69.2334213
13781.25	-69.2989426
13824.3164	-69.2946091
13867.3828	-69.3582382
13910.4492	-69.1576233
13953.5156	-69.1649475
13996.582	-69.1943588
14039.6484	-69.2405777
14082.7148	-69.2357941
14125.7812	-69.2806015
14168.8477	-69.2745438
14211.9141	-69.3266449
14254.9805	-69.3743286
14298.0469	-69.4185028
14341.1133	-69.4738693
14384.1797	-69.4988098
14427.2461	-69.5656586
14470.3125	-69.5778961
14513.3789	-69.7633667
14556.4453	-69.8411636
14599.5117	-69.8399429
14642.5781	-69.8583374
14685.6445	-69.8933792
14728.7109	-69.9215698
14771.7773	-69.9036331
14814.8438	-69.9641724
14857.9102	-69.9917526
14900.9766	-70.0229187
14944.043	-70.071106
14987.1094	-70.1297455
15030.1758	-70.1767273
15073.2422	-70.2023239
15116.3086	-70.3026505
15159.375	-70.1311646
15202.4414	-70.0755157
15245.5078	-70.0896835
15288.5742	-70.1307144
15331.6406	-70.1303558
15374.707	-70.1474075
15417.7734	-70.2199631
15460.8398	-70.2346115
15503.9062	-70.3295364
15546.9727	-70.3724899
15590.0391	-70.3610153
15633.1055	-70.3953857
15676.1719	-70.447998
15719.2383	-70.4794464
15762.3047	-70.4840088
15805.3711	-70.4867554
15848.4375	-70.5311356
15891.5039	-70.5365601
15934.5703	-70.5930862
15977.6367	-70.6219864
16020.7031	-70.627243
16063.7695	-70.6282578
16106.8359	-70.6632614
16149.9023	-70.7087021
16192.9688	-70.6816254
16236.0352	-70.7256241
16279.1016	-70.7370148
16322.168	-70.7621994
16365.2344	-70.7969055
16408.3008	-70.8070526
16451.3672	-70.7987747
16494.4336	-70.7964554
16537.5	-70.8111115
16580.5664	-70.827919
16623.6328	-70.8596725
16666.6992	-70.8706436
16709.7656	-70.880455
16752.832	-70.887764
16795.8984	-70.9176712
16838.9648	-70.9697266
16882.0312	-70.9720154
16925.0977	-70.9616776
16968.1641	-70.9797897
17011.2305	-70.9545822
17054.2969	-70.9667587
17097.3633	-70.9555054
17140.4297	-70.9729996
17183.4961	-70.9838104
17226.5625	-71.0289154
17269.6289	-71.0666885
17312.6953	-71.0471573
17355.7617	-71.0878754
17398.8281	-71.1241913
17441.8945	-71.1217728
17484.9609	-71.116951
17528.0273	-71.1151733
17571.0938	-71.134819
17614.1602	-71.1492538
17657.2266	-71.1432877
17700.293	-71.1286469
17743.3594	-71.1245728
17786.4258	-71.1531677
17829.4922	-71.1685944
17872.5586	-71.1464996
17915.625	-71.1295853
17958.6914	-71.1465836
18001.7578	-71.1496658
18044.8242	-71.1556244
18087.8906	-71.1635437
18130.957	-71.1922836
18174.0234	-71.2287292
18217.0898	-71.2373276
18260.1562	-71.2587128
18303.2227	-71.2878571
18346.2891	-71.3018265
18389.3555	-71.2920456
18432.4219	-71.2984619
18475.4883	-71.3373566
18518.5547	-71.3704681
18561.6211	-71.3319168
18604.6875	-71.3137817
18647.7539	-71.3564301
18690.8203	-71.3915863
18733.8867	-71.4141235
18776.9531	-71.4289703
18820.0195	-71.4044495
18863.0859	-71.4350128
18906.1523	-71.4401779
18949.2188	-71.4357147
18992.2852	-71.4339676
19035.3516	-71.4318924
19078.418	-71.47435
19121.4844	-71.4533615
19164.5508	-71.452095
19207.6172	-71.4526443
19250.6836	-71.4540939
19293.75	-71.4663162
19336.8164	-71.4802933
19379.8828	-71.4849854
19422.9492	-71.5109558
19466.0156	-71.5053329
19509.082	-71.5219345
19552.1484	-71.5340958
19595.2148	-71.512001
19638.2812	-71.5444717
19681.3477	-71.5653152
19724.4141	-71.5885544
19767.4805	-71.5941162
19810.5469	-71.5965118
19853.6133	-71.6385574
19896.6797	-71.6071167
19939.7461	-71.5886993
19982.8125	-71.5842056
20025.8789	-71.5776443
20068.9453	-71.5841293
20112.0117	-71.5723114
20155.0781	-71.5798035
20198.1445	-71.6003265
20241.2109	-71.5786438
20284.2773	-71.5965347
20327.3438	-71.6572876
20370.4102	-71.6759491
20413.4766	-71.7096024
20456.543	-71.6948776
20499.6094	-71.7204132
20542.6758	-71.7419128
20585.7422	-71.7841721
20628.8086	-71.7856674
20671.875	-71.8171844
20714.9414	-71.816597
20758.0078	-71.8066177
20801.0742	-71.8225784
20844.1406	-71.8601685
20887.207	-71.8834152
20930.2734	-71.8950882
20973.3398	-71.8972092
21016.4062	-71.9236069
21059.4727	-71.909584
21102.5391	-71.9172974
21145.6055	-71.8936996
21188.6719	-71.8885803
21231.7383	-71.9138336
21274.8047	-71.9237595
21317.8711	-71.9127731
21360.9375	-71.9547501
21404.0039	-71.9448624
21447.0703	-71.9511642
21490.1367	-71.9295731
21533.2031	-71.9371414
21576.2695	-71.9458008
21619.3359	-71.9171219
21662.4023	-71.962265
21705.4688	-71.9740601
21748.5352	-72.0116196
21791.6016	-72.0522766
21834.668	-72.0737
21877.7344	-72.090065
21920.8008	-72.1261215
21963.8672	-72.1304626
22006.9336	-72.1417236
22050	-72.118721
