x> y^ xi yf
Sample	Amplitude
0	0.0747577921
1	0.087834172
2	0.100910552
3	0.113986924
4	0.127063304
5	0.140139684
6	0.153216064
7	0.166292444
8	0.179368824
9	0.192445204
10	0.205521584
11	0.218597949
12	0.231674343
13	0.244750708
14	0.257827103
15	0.270903468
16	0.283979863
17	0.297056228
18	0.310132623
19	0.323208988
20	0.336285353
21	0.349361748
22	0.362438112
23	0.375514507
24	0.388590872
25	0.401667267
26	0.414743632
27	0.427820027
28	0.440896392
29	0.453972787
30	0.467049152
31	0.480125546
32	0.493201911
33	0.506278276
34	0.519354701
35	0.532431066
36	0.545507431
37	0.558583796
38	0.571660221
39	0.584736586
40	0.597812951
41	0.610889375
42	0.62396574
43	0.637042105
44	0.65011847
45	0.663194895
46	0.67627126
47	0.689347625
48	0.70242399
49	0.715500355
50	0.728576779
51	0.741653144
52	0.754729509
53	0.767805874
54	0.780882299
55	0.793958664
56	0.807035029
57	0.820111394
58	0.833187819
59	0.846264184
60	0.859340549
61	0.872416914
62	0.885493338
63	0.898569703
64	0.911646068
65	0.924722433
66	0.937798798
67	0.950875223
68	0.963951588
69	0.963932157
70	0.963912666
71	0.963893235
72	0.963873744
73	0.963854313
74	0.963834822
75	0.963815391
76	0.9637959
77	0.963776469
78	0.963756979
79	0.963737547
80	0.963718057
81	0.963698626
82	0.963679135
83	0.963659704
84	0.963640213
85	0.963620782
86	0.963601291
87	0.96358186
88	0.963562429
89	0.963542938
90	0.963523507
91	0.963504016
92	0.963484585
93	0.963465095
94	0.963445663
95	0.963426173
96	0.963406742
97	0.963387251
98	0.96336782
99	0.963348329
100	0.963328898
101	0.963309407
102	0.963289976
103	0.963270485
104	0.963251054
105	0.963231564
106	0.963212132
107	0.963192701
108	0.963173211
109	0.96315378
110	0.963134289
111	0.963114858
112	0.963095367
113	0.963075936
114	0.963056445
115	0.963037014
116	0.963017523
117	0.962998092
118	0.962978601
119	0.96295917
120	0.96293968
121	0.962920249
122	0.962900758
123	0.962881327
124	0.962861836
125	0.962842405
126	0.962822974
127	0.962803483
128	0.962784052
129	0.962764561
130	0.96274513
131	0.962725639
132	0.962706208
133	0.962686718
134	0.962667286
135	0.962647796
136	0.962628365
137	0.962608874
138	0.962589443
139	0.962569952
140	0.962550521
141	0.96253103
142	0.962511599
143	0.962492108
144	0.962472677
145	0.962453246
146	0.962433755
147	0.962414324
148	0.962394834
149	0.962375402
150	0.962355912
151	0.962336481
152	0.96231699
153	0.962297559
154	0.962278068
155	0.962258637
156	0.962239146
157	0.962219715
158	0.962200224
159	0.962180793
160	0.962161303
161	0.962141871
162	0.962122381
163	0.96210295
164	0.962083519
165	0.962064028
166	0.962044597
167	0.962025106
168	0.962005675
169	0.961986184
170	0.961966753
171	0.961947262
172	0.961927831
173	0.96190834
174	0.961888909
175	0.961869419
176	0.961849988
177	0.961830497
178	0.961811066
179	0.961791575
180	0.961772144
181	0.961752653
182	0.961733222
183	0.961713791
184	0.9616943
185	0.961674869
186	0.961655378
187	0.961635947
188	0.961616457
189	0.961597025
190	0.961577535
191	0.961558104
192	0.961538613
193	0.961519182
194	0.961499691
195	0.96148026
196	0.961460769
197	0.961441338
198	0.961421847
199	0.961402416
200	0.961382926
201	0.961363494
202	0.961344063
203	0.961324573
204	0.961305141
205	0.961285651
206	0.96126622
207	0.961246729
208	0.961227298
209	0.961207807
210	0.961188376
211	0.961168885
212	0.961149454
213	0.961129963
214	0.961110532
215	0.961091042
216	0.96107161
217	0.96105212
218	0.961032689
219	0.961013198
220	0.960993767
221	0.960974336
222	0.960954845
223	0.960935414
224	0.960915923
225	0.960896492
226	0.960877001
227	0.96085757
228	0.960838079
229	0.960818648
230	0.960799158
231	0.960779727
232	0.960760236
233	0.960740805
234	0.960721314
235	0.960701883
236	0.960682392
237	0.960662961
238	0.96064347
239	0.960624039
240	0.960604608
241	0.960585117
242	0.960565686
243	0.960546196
244	0.960526764
245	0.960507274
246	0.960487843
247	0.960468352
248	0.960448921
249	0.96042943
250	0.960409999
251	0.960390508
252	0.960371077
253	0.960351586
254	0.960332155
255	0.960312665
256	0.960293233
257	0.960273743
258	0.960254312
259	0.96023488
260	0.96021539
261	0.960195959
262	0.960176468
263	0.960157037
264	0.960137546
265	0.960118115
266	0.960098624
267	0.960079193
268	0.960059702
269	0.960040271
270	0.960020781
271	0.960001349
272	0.959981859
273	0.959962428
274	0.959942937
275	0.959923506
276	0.959904015
277	0.959884584
278	0.959865153
279	0.959845662
280	0.959826231
281	0.95980674
282	0.959787309
283	0.959767818
284	0.959748387
285	0.959728897
286	0.959709466
287	0.959689975
288	0.959670544
289	0.959651053
290	0.959631622
291	0.959612131
292	0.9595927
293	0.959573209
294	0.959553778
295	0.959534287
296	0.959514856
297	0.959495425
298	0.959475935
299	0.959456503
300	0.959437013
301	0.959417582
302	0.959398091
303	0.95937866
304	0.959359169
305	0.959339738
306	0.959320247
307	0.959300816
308	0.959281325
309	0.959261894
310	0.959242404
311	0.959222972
312	0.959203482
313	0.959184051
314	0.95916456
315	0.959145129
316	0.959125698
317	0.959106207
318	0.959086776
319	0.959067285
320	0.959047854
321	0.959028363
322	0.959008932
323	0.958989441
324	0.95897001
325	0.95895052
326	0.958931088
327	0.958911598
328	0.958892167
329	0.958872676
330	0.958853245
331	0.958833754
332	0.958814323
333	0.958794832
334	0.958775401
335	0.95875597
336	0.958736479
337	0.958717048
338	0.958697557
339	0.958678126
340	0.958658636
341	0.958639205
342	0.958619714
343	0.958600283
344	0.958580792
345	0.958561361
346	0.95854187
347	0.958522439
348	0.958502948
349	0.958483517
350	0.958464026
351	0.958444595
352	0.958425105
353	0.958405674
354	0.958392739
355	0.958379745
356	0.958366811
357	0.958353817
358	0.958340883
359	0.958327949
360	0.958314955
361	0.958302021
362	0.958289027
363	0.958276093
364	0.958263159
365	0.958250165
366	0.958237231
367	0.958224297
368	0.958211303
369	0.958198369
370	0.958185375
371	0.958172441
372	0.958159506
373	0.958146513
374	0.958133578
375	0.958120584
376	0.95810765
377	0.958094716
378	0.958081722
379	0.958068788
380	0.958055794
381	0.95804286
382	0.958029926
383	0.958016932
384	0.958003998
385	0.957991004
386	0.95797807
387	0.957965136
388	0.957952142
389	0.957939208
390	0.957926214
391	0.95791328
392	0.957900345
393	0.957887352
394	0.957874417
395	0.957861483
396	0.957848489
397	0.957835555
398	0.957822561
399	0.957809627
400	0.957796693
401	0.957783699
402	0.957770765
403	0.957757771
404	0.957744837
405	0.957731903
406	0.957718909
407	0.957705975
408	0.957692981
409	0.957680047
410	0.957667112
411	0.957654119
412	0.957641184
413	0.957628191
414	0.957615256
415	0.957602322
416	0.957589328
417	0.957576394
418	0.9575634
419	0.957550466
420	0.957537532
421	0.957524538
422	0.957511604
423	0.95749867
424	0.957485676
425	0.957472742
426	0.957459748
427	0.957446814
428	0.957433879
429	0.957420886
430	0.957407951
431	0.957394958
432	0.957382023
433	0.957369089
434	0.957356095
435	0.957343161
436	0.957330167
437	0.957317233
438	0.957304299
439	0.957291305
440	0.957278371
441	0.957265377
442	0.957252443
443	0.957239509
444	0.957226515
445	0.957213581
446	0.957200587
447	0.957187653
448	0.957174718
449	0.957161725
450	0.95714879
451	0.957135856
452	0.957122862
453	0.957109928
454	0.957096934
455	0.957084
456	0.957071066
457	0.957058072
458	0.957045138
459	0.957032144
460	0.95701921
461	0.957006276
462	0.956993282
463	0.956980348
464	0.956967354
465	0.95695442
466	0.956941485
467	0.956928492
468	0.956915557
469	0.956902564
470	0.956889629
471	0.956876695
472	0.956863701
473	0.956850767
474	0.956837833
475	0.956824839
476	0.956811905
477	0.956798911
478	0.956785977
479	0.956773043
480	0.956760049
481	0.956747115
482	0.956734121
483	0.956721187
484	0.956708252
485	0.956695259
486	0.956682324
487	0.956669331
488	0.956656396
489	0.956643462
490	0.956630468
491	0.956617534
492	0.95660454
493	0.956591606
494	0.956578672
495	0.956565678
496	0.956552744
497	0.95653975
498	0.956526816
499	0.956513882
500	0.956500888
501	0.956487954
502	0.956475019
503	0.956462026
504	0.956449091
505	0.956436098
506	0.956423163
507	0.956410229
508	0.956397235
509	0.956384301
510	0.956371307
511	0.956358373
512	0.956345439
513	0.956332445
514	0.956319511
515	0.956306517
516	0.956293583
517	0.956280649
518	0.956267655
519	0.956254721
520	0.956241727
521	0.956228793
522	0.956215858
523	0.956202865
524	0.95618993
525	0.956176937
526	0.956164002
527	0.956151068
528	0.956138074
529	0.95612514
530	0.956112206
531	0.956099212
532	0.956086278
533	0.956073284
534	0.95606035
535	0.956047416
536	0.956034422
537	0.956021488
538	0.956008494
539	0.95599556
540	0.955982625
541	0.955969632
542	0.955956697
543	0.955943704
544	0.955930769
545	0.955917835
546	0.955904841
547	0.955891907
548	0.955878913
549	0.955865979
550	0.955853045
551	0.955840051
552	0.955827117
553	0.955814123
554	0.955801189
555	0.955788255
556	0.955775261
557	0.955762327
558	0.955749393
559	0.955736399
560	0.955723464
561	0.955710471
562	0.955697536
563	0.955684602
564	0.955671608
565	0.955658674
566	0.95564568
567	0.955632746
568	0.955619752
569	0.955606699
570	0.955593705
571	0.955580652
572	0.955567658
573	0.955554664
574	0.955541611
575	0.955528617
576	0.955515563
577	0.95550257
578	0.955489516
579	0.955476522
580	0.955463529
581	0.955450475
582	0.955437481
583	0.955424428
584	0.955411434
585	0.95539844
586	0.955385387
587	0.955372393
588	0.95535934
589	0.955346346
590	0.955333292
591	0.955320299
592	0.955307305
593	0.955294251
594	0.955281258
595	0.955268204
596	0.95525521
597	0.955242217
598	0.955229163
599	0.955216169
600	0.955203116
601	0.955190122
602	0.955177069
603	0.955164075
604	0.955151081
605	0.955138028
606	0.955125034
607	0.95511198
608	0.955098987
609	0.955085993
610	0.955072939
611	0.955059946
612	0.955046892
613	0.955033898
614	0.955020845
615	0.955007851
616	0.954994857
617	0.954981804
618	0.95496881
619	0.954955757
620	0.954942763
621	0.954929769
622	0.954916716
623	0.954903722
624	0.954890668
625	0.954877675
626	0.954864621
627	0.954851627
628	0.954838634
629	0.95482558
630	0.954812586
631	0.954799533
632	0.954786539
633	0.954773545
634	0.954760492
635	0.954747498
636	0.954734445
637	0.954721451
638	0.954708457
639	0.954695404
640	0.95468241
641	0.954669356
642	0.954656363
643	0.954643309
644	0.954630315
645	0.954617321
646	0.954604268
647	0.954591274
648	0.954578221
649	0.954565227
650	0.954552233
651	0.95453918
652	0.954526186
653	0.954513133
654	0.954500139
655	0.954487085
656	0.954474092
657	0.954461098
658	0.954448044
659	0.95443505
660	0.954421997
661	0.954409003
662	0.954396009
663	0.954382956
664	0.954369962
665	0.954356909
666	0.954343915
667	0.954330862
668	0.954317868
669	0.954304874
670	0.954291821
671	0.954278827
672	0.954265773
673	0.954252779
674	0.954239786
675	0.954226732
676	0.954213738
677	0.954200685
678	0.954187691
679	0.954174638
680	0.954161644
681	0.95414865
682	0.954135597
683	0.954122603
684	0.95410955
685	0.954096556
686	0.954083562
687	0.954070508
688	0.954057515
689	0.954044461
690	0.954031467
691	0.954018414
692	0.95400542
693	0.953992426
694	0.953979373
695	0.953966379
696	0.953953326
697	0.953940332
698	0.953927338
699	0.953914285
700	0.953901291
701	0.953888237
702	0.953875244
703	0.95386219
704	0.953849196
705	0.953836203
706	0.953823149
707	0.953810155
708	0.953797102
709	0.953784108
710	0.953792751
711	0.953801394
712	0.953810036
713	0.953818679
714	0.953827322
715	0.953835964
716	0.953844607
717	0.95385319
718	0.953861833
719	0.953870475
720	0.953879118
721	0.953887761
722	0.953896403
723	0.953905046
724	0.953913689
725	0.953922331
726	0.953930974
727	0.953939617
728	0.953948259
729	0.953956902
730	0.953965545
731	0.953974128
732	0.95398277
733	0.953991413
734	0.954000056
735	0.954008698
736	0.954017341
737	0.954025984
738	0.954034626
739	0.954043269
740	0.954051912
741	0.954060555
742	0.954069197
743	0.95407784
744	0.954086483
745	0.954095066
746	0.954103708
747	0.954112351
748	0.954120994
749	0.954129636
750	0.954138279
751	0.954146922
752	0.954155564
753	0.954164207
754	0.95417285
755	0.954181492
756	0.954190135
757	0.954198778
758	0.95420742
759	0.954216003
760	0.954224646
761	0.954233289
762	0.954241931
763	0.954250574
764	0.954259217
765	0.954267859
766	0.954276502
767	0.954285145
768	0.954293787
769	0.95430243
770	0.954311073
771	0.954319715
772	0.954328358
773	0.954337001
774	0.954345584
775	0.954354227
776	0.954362869
777	0.954371512
778	0.954380155
779	0.954388797
780	0.95439744
781	0.954406083
782	0.954414725
783	0.954423368
784	0.954432011
785	0.954440653
786	0.954449296
787	0.954457939
788	0.954466522
789	0.954475164
790	0.954483807
791	0.95449245
792	0.954501092
793	0.954509735
794	0.954518378
795	0.95452702
796	0.954535663
797	0.954544306
798	0.954552948
799	0.954561591
800	0.954570234
801	0.954578876
802	0.95458746
803	0.954596102
804	0.954604745
805	0.954613388
806	0.95462203
807	0.954630673
808	0.954639316
809	0.954647958
810	0.954656601
811	0.954665244
812	0.954673886
813	0.954682529
814	0.954691172
815	0.954699814
816	0.954708397
817	0.95471704
818	0.954725683
819	0.954734325
820	0.954742968
821	0.954751611
822	0.954760253
823	0.954768896
824	0.954777539
825	0.954786181
826	0.954794824
827	0.954803467
828	0.954812109
829	0.954820752
830	0.954829395
831	0.954837978
832	0.954846621
833	0.954855263
834	0.954863906
835	0.954872549
836	0.954881191
837	0.954889834
838	0.954898477
839	0.954907119
840	0.954915762
841	0.954924405
842	0.954933047
843	0.95494169
844	0.954950333
845	0.954958916
846	0.954967558
847	0.954976201
848	0.954984844
849	0.954993486
850	0.955002129
851	0.955010772
852	0.955019414
853	0.955028057
854	0.9550367
855	0.955045342
856	0.955053985
857	0.955062628
858	0.95507127
859	0.955079854
860	0.955088496
861	0.955097139
862	0.955105782
863	0.955114424
864	0.955123067
865	0.95513171
866	0.955140352
867	0.955148995
868	0.955157638
869	0.95516628
870	0.955174923
871	0.955183566
872	0.955192208
873	0.955200851
874	0.955209434
875	0.955218077
876	0.955226719
877	0.955235362
878	0.955244005
879	0.955252647
880	0.95526129
881	0.955269933
882	0.955278575
883	0.955287218
884	0.955295861
885	0.955304503
886	0.955313146
887	0.955321789
888	0.955330372
889	0.955339015
890	0.955347657
891	0.9553563
892	0.955364943
893	0.955373585
894	0.955382228
895	0.955390871
896	0.955399513
897	0.955408156
898	0.955416799
899	0.955425441
900	0.955434084
901	0.955442727
902	0.95545131
903	0.955459952
904	0.955468595
905	0.955477238
906	0.95548588
907	0.955494523
908	0.955503166
909	0.955511808
910	0.955520451
911	0.955529094
912	0.955537736
913	0.955546379
914	0.955555022
915	0.955563664
916	0.955572248
917	0.95558089
918	0.955589533
919	0.955598176
920	0.955606818
921	0.955615461
922	0.955624104
923	0.955632746
924	0.94628787
925	0.936943054
926	0.927598178
927	0.918253303
928	0.908908486
929	0.899563611
930	0.890218794
931	0.880873919
932	0.871529043
933	0.862184227
934	0.852839351
935	0.843494534
936	0.834149659
937	0.824804783
938	0.815459967
939	0.806115091
940	0.796770215
941	0.787425399
942	0.778080523
943	0.768735647
944	0.759390831
945	0.750045955
946	0.740701079
947	0.731356263
948	0.722011447
949	0.712666571
950	0.703321695
951	0.693976879
952	0.684632003
953	0.675287127
954	0.665942311
955	0.656597435
956	0.64725256
957	0.637907743
958	0.628562868
959	0.619217992
960	0.609873176
961	0.6005283
962	0.591183424
963	0.581838608
964	0.572493792
965	0.563148916
966	0.55380404
967	0.544459224
968	0.535114348
969	0.525769472
970	0.516424656
971	0.50707978
972	0.497734934
973	0.488390088
974	0.479045212
975	0.469700366
976	0.46035552
977	0.451010644
978	0.441665828
979	0.432320952
980	0.422976077
981	0.41363126
982	0.404286385
983	0.394941509
984	0.385596693
985	0.376251817
986	0.366907001
987	0.357562125
988	0.348217249
989	0.338872433
990	0.329527557
991	0.320182741
992	0.310837865
993	0.301492989
994	0.292148173
995	0.282803297
996	0.273458421
997	0.264113605
998	0.254768729
999	0.245423853
1000	0.236079037
1001	0.226734161
1002	0.217389345
1003	0.208044469
1004	0.198699594
1005	0.189354777
1006	0.180009902
1007	0.170665085
1008	0.16132021
1009	0.151975334
1010	0.142630517
1011	0.133285642
1012	0.123940766
1013	0.11459595
1014	0.105251074
1015	0.095906198
1016	0.0865613818
1017	0.077216506
1018	0.0678716898
1019	0.058526814
1020	0.0491819382
1021	0.039837122
1022	0.0304922462
1023	0.0211473573
