
	
43.0664062	0.0112722293	0.912161575
86.1328125	0.0114615147	0.913102873
129.199219	0.0162075184	0.914694357
172.265625	0.00700612737	0.917130443
215.332031	0.0259406492	0.919986548
258.398438	0.029087474	0.923905473
301.464844	0.0125722753	0.92911928
344.53125	0.0812099019	0.934632087
387.597656	0.0702140043	0.942679309
430.664062	0.206808194	0.950951166
473.730469	0.390556147	0.961056053
516.796875	0.943905174	0.969647346
559.863281	10.8040556	0.957757275
602.929688	39.954831	1.60510171
645.996094	33.5912546	1.46025234
689.0625	4.53670467	0.943775176
732.128906	1.14792862	0.970175391
775.195312	0.142939918	0.971737833
818.261719	0.203043473	0.964246527
861.328125	0.0779331589	0.962224276
904.394531	0.0465485367	0.962220785
947.460938	0.118842298	0.964104452
990.527344	0.115191076	0.970105273
1033.59375	0.112548693	0.979599551
1076.66016	0.450777758	0.989001021
1119.72656	1.02747832	1
1162.79297	5.14883952	0.973669585
1205.85938	44.0900113	1.61264241
1248.92578	61.3880452	2
1291.99219	19.6859664	1.06598081
1335.05859	3.30777003	0.986474733
1378.125	0.704158618	0.997763825
1421.19141	0.316919302	0.987483703
1464.25781	0.103909834	0.979501105
1507.32422	0.142945683	0.972486547
1550.39062	0.172460064	0.969211583
1593.45703	0.246312762	0.968868491
1636.52344	0.131806895	0.974217964
1679.58984	0.0960142566	0.982338649
1722.65625	1.15410093	0.981515526
1765.72266	1.64441138	0.991547167
1808.78906	23.3060488	1.18649116
1851.85547	52.147841	1.83368868
1894.92188	29.6916832	1.33083629
1937.98828	1.73038401	0.991562789
1981.05469	1.66460177	0.975138128
2024.12109	0.331024075	0.977607818
2067.1875	0.138452982	0.970334651
2110.25391	0.303322515	0.962310566
2153.32031	0.174109321	0.96091355
2196.38672	0.0693322453	0.962270555
2239.45312	0.272514215	0.963064056
2282.51953	0.257551663	0.969615346
2325.58594	1.20275193	0.96818322
2368.65234	2.2100465	0.969418853
2411.71875	9.71683058	0.906794231
2454.78516	41.0060678	1.60438938
2497.85156	39.5289937	1.57279502
2540.91797	6.16825308	0.935302434
2583.98438	3.08412002	0.955208359
2627.05078	0.463110099	0.972345074
2670.11719	0.0905604554	0.966252861
2713.18359	0.184048498	0.957908895
2756.25	0.142696414	0.954070292
2799.31641	0.293388404	0.950641949
2842.38281	0.0532703299	0.95441207
2885.44922	0.079877575	0.957718658
2928.51562	0.520530216	0.958967617
2971.58203	1.85375666	0.952507804
3014.64844	3.57539846	0.944035758
3057.71484	24.0631226	1.26400665
3100.78125	37.0525283	1.55732594
3143.84766	13.8495876	1.03917608
3186.91406	2.34604248	0.950707981
3229.98047	0.85047641	0.955688047
3273.04688	0.287526892	0.952317246
3316.11328	0.287140456	0.944845413
3359.17969	0.260322993	0.939931407
3402.24609	0.435771339	0.934598482
3445.3125	0.328254071	0.934373933
3488.37891	0.0781182703	0.937571711
3531.44531	0.202017242	0.93818249
3574.51172	1.09616334	0.931505832
3617.57812	1.75744385	0.929184837
3660.64453	8.22103814	0.980022648
3703.71094	20.5732117	1.25844607
3746.77734	13.6761747	1.10572474
3789.84375	1.15968434	0.934703572
3832.91016	0.866418075	0.930488911
3875.97656	0.0857680769	0.933617963
3919.04297	0.1364374	0.928502106
3962.10938	0.173905122	0.924968984
4005.17578	0.212864064	0.922666228
4048.24219	0.0672873857	0.923699781
4091.30859	0.0933232678	0.923869799
4134.375	0.147532171	0.924897457
4177.44141	0.34756721	0.925428853
4220.50781	0.965392265	0.922243379
4263.57422	2.7066684	0.906756276
4306.64062	12.6624264	1.10803583
4349.70703	14.1298036	1.14164813
4392.77344	3.01329735	0.903187491
4435.83984	1.55918716	0.914842268
4478.90625	0.376102287	0.924003155
4521.97266	0.197267026	0.922373639
4565.03906	0.169290869	0.920061569
4608.10547	0.283274947	0.917057513
4651.17188	0.248456981	0.916682593
4694.23828	0.120565079	0.918253248
4737.30469	0.0971678417	0.919489557
4780.37109	0.252853541	0.919562195
4823.4375	0.998976959	0.913563275
4866.50391	1.61455686	0.909801184
4909.57031	6.50366732	0.986940511
4952.63672	11.4293133	1.09823096
4995.70312	5.04184741	0.955508053
5038.76953	1.24460429	0.912289169
5081.83594	0.729440666	0.914414306
5124.90234	0.230177823	0.917070297
5167.96875	0.146074207	0.915622863
5211.03516	0.162899756	0.913751483
5254.10156	0.250377297	0.91172383
5297.16797	0.147229303	0.912558297
5340.23438	0.172858338	0.912483578
5383.30078	0.0975352489	0.914238612
5426.36719	0.473353167	0.911319068
5469.43359	0.981946536	0.907380171
5512.5	2.70396181	0.920863203
5555.56641	7.37127764	1.02590098
5598.63281	5.59588806	0.986931198
5641.69922	0.723510738	0.910206275
5684.76562	0.593548528	0.908790565
5727.83203	0.127091554	0.911832061
5770.89844	0.00819588418	0.911315333
5813.96484	0.0371678372	0.909598855
5857.03125	0.0390236436	0.908685998
5900.09766	0.155280831	0.906841361
5943.16406	0.128356062	0.907048531
5986.23047	0.0981211148	0.90764789
6029.29688	0.18137679	0.907274593
6072.36328	0.507000925	0.904371205
6115.42969	0.822919381	0.901802258
6158.49609	3.08275451	0.94667186
6201.5625	3.86784776	0.964794332
6244.62891	1.03066115	0.901651931
6287.69531	0.573628318	0.903009855
6330.76172	0.207164951	0.905934272
6373.82812	0.053190839	0.906618318
6416.89453	0.0695854365	0.905599103
6459.96094	0.0278287113	0.90555414
6503.02734	0.0214201536	0.905364701
6546.09375	0.0502818564	0.9050224
6589.16016	0.0827333233	0.904888575
6632.22656	0.0567049958	0.90569745
6675.29297	0.367659477	0.902767708
6718.35938	0.6184192	0.900695066
6761.42578	1.56521137	0.918861572
6804.49219	2.9167285	0.949466215
6847.55859	1.51365075	0.918281904
6890.625	0.343952724	0.903349081
6933.69141	0.227382671	0.903648114
6976.75781	0.119639821	0.904024154
7019.82422	0.0411340535	0.904252308
7062.89062	0.0182649109	0.904028783
7105.95703	0.056324606	0.903279156
7149.02344	0.0806754945	0.902857119
7192.08984	0.0685058634	0.90301412
7235.15625	0.028422423	0.903655189
7278.22266	0.153372883	0.902508555
7321.28906	0.302882903	0.901194121
7364.35547	0.565311369	0.90275271
7407.42188	1.64396957	0.927018179
7450.48828	1.45185722	0.922988609
7493.55469	0.23943149	0.901890859
7536.62109	0.184456866	0.901822043
7579.6875	0.0490592089	0.902804567
7622.75391	0.0492617165	0.902308274
7665.82031	0.0182676683	0.902299871
7708.88672	0.0109882917	0.902123294
7751.95312	0.0376098402	0.901648055
7795.01953	0.0397275238	0.901547841
7838.08594	0.0103002591	0.901901753
7881.15234	0.0127673532	0.901969944
7924.21875	0.108076235	0.901028128
7967.28516	0.196615256	0.900218551
8010.35156	0.588050716	0.908199767
8053.41797	0.848085249	0.914171086
8096.48438	0.268349181	0.901259857
8139.55078	0.128483701	0.900678941
8182.61719	0.0401537644	0.901421298
8225.68359	0.0104255398	0.901535025
8268.75	0.012383518	0.901347173
8311.81641	0.00273792814	0.901365222
8354.88281	0.00895437503	0.901262116
8397.94922	0.00597554498	0.901331904
8441.01562	0.0169378278	0.901301888
8484.08203	0.0193650071	0.901438885
8527.14844	0.0876464594	0.900861545
8570.21484	0.187109156	0.900087949
8613.28125	0.377116853	0.903976004
8656.34766	0.763274544	0.912638871
8699.41406	0.454419211	0.905719642
8742.48047	0.154041028	0.900366362
8785.54688	0.113597227	0.900574777
8828.61328	0.0355554643	0.901260843
8871.67969	0.0110617364	0.901370594
8914.74609	0.00962519235	0.901273574
8957.8125	0.0117504965	0.901197695
9000.87891	0.00836734431	0.901247457
9043.94531	0.0238180383	0.901134749
9087.01172	0.0438248068	0.901024404
9130.07812	0.0787940877	0.900786632
9173.14453	0.195648816	0.900761049
9216.21094	0.26278505	0.901937256
9259.27734	0.55040519	0.908354027
9302.34375	0.54744139	0.908409437
9345.41016	0.121004691	0.90050869
9388.47656	0.0847462511	0.900688096
9431.54297	0.0444105174	0.900950589
9474.60938	0.0268734632	0.900988399
9517.67578	0.00472710314	0.901130661
9560.74219	0.0326971979	0.900731074
9603.80859	0.0358576518	0.900664249
9646.875	0.00798224511	0.901001207
9689.94141	0.0102425311	0.901028435
9733.00781	0.0411954878	0.9007645
9776.07422	0.107600569	0.900115502
9819.14062	0.15188617	0.900515085
9862.20703	0.317951267	0.904122614
9905.27344	0.478293891	0.907802777
9948.33984	0.191473193	0.901441155
9991.40625	0.0723955618	0.900478586
10034.4727	0.0316244944	0.900783717
10077.5391	0.0320065995	0.900636673
10120.6055	0.0224525922	0.900640098
10163.6719	0.00839736375	0.90072927
10206.7383	0.0095905165	0.900672839
10249.8047	0.006881127	0.900696644
10292.8711	0.0089875646	0.900697792
10335.9375	0.0429728571	0.900353205
10379.0039	0.0684734883	0.900127584
10422.0703	0.0592056868	0.900323472
10465.1367	0.147091757	0.901220139
10508.2031	0.347925102	0.90576828
10551.2695	0.22535794	0.903060187
10594.3359	0.0308575384	0.900600356
10637.4023	0.0314720771	0.900467294
10680.4688	0.0109617969	0.900609822
10723.5352	0.0191837987	0.900439783
10766.6016	0.0147982467	0.900442263
10809.668	0.019453642	0.900358908
10852.7344	0.0220184685	0.900318456
10895.8008	0.0204800136	0.900342925
10938.8672	0.0300914486	0.90025142
10981.9336	0.014608085	0.900472113
11025	0.0554959625	0.900043351
11068.0664	0.087657493	0.900545237
11111.1328	0.160167017	0.902143725
11154.1992	0.18893714	0.902829
11197.2656	0.0327406058	0.900337472
11240.332	0.0716827364	0.900371677
11283.3984	0.0173066301	0.90038677
11326.4648	0.00971024163	0.900424562
11369.5312	0.0179628508	0.900294346
11412.5977	0.01398486	0.900324878
11455.6641	0.0146271099	0.900316488
11498.7305	0.0140267366	0.90033876
11541.7969	0.00757586751	0.900447832
11584.8633	0.0258706627	0.900283837
11627.9297	0.0706793891	0.900356655
11670.9961	0.100932555	0.900946163
11714.0625	0.115386714	0.901214403
11757.1289	0.159976684	0.902246407
11800.1953	0.0441083229	0.90018047
11843.2617	0.0709974624	0.900361131
11886.3281	0.0282632631	0.900271925
11929.3945	0.0252814431	0.900267636
11972.4609	0.0317319209	0.900164109
12015.5273	0.0245771911	0.90023123
12058.5938	0.0141401623	0.900349102
12101.6602	0.0108529178	0.900399061
12144.7266	0.0233010189	0.900281101
12187.793	0.0339080673	0.90019918
12230.8594	0.0548015892	0.9000044
12273.9258	0.0925636738	0.900765081
12316.9922	0.107382824	0.901041776
12360.0586	0.158065113	0.902207216
12403.125	0.101639884	0.900984294
12446.1914	0.0331762579	0.900240677
12489.2578	0.0256480981	0.90026959
12532.3242	0.0224389446	0.900260414
12575.3906	0.0367971661	0.900054507
12618.457	0.0278969203	0.900129027
12661.5234	0.0205749847	0.900191153
12704.5898	0.0171143202	0.900216731
12747.6562	0.010569915	0.900289968
12790.7227	0.0236626619	0.900143243
12833.7891	0.0309040482	0.900073544
12876.8555	0.0390314543	0.900005971
12919.9219	0.0458529716	0.900125473
12962.9883	0.0822168732	0.900940448
13006.0547	0.0927136638	0.901198989
13049.1211	0.0412593063	0.900072214
13092.1875	0.028335357	0.900077829
13135.2539	0.0181037923	0.900164361
13178.3203	0.0192724115	0.900122995
13221.3867	0.0184788166	0.900111208
13264.4531	0.0152867238	0.900133617
13307.5195	0.0149892497	0.900128146
13350.5859	0.00592570662	0.900233748
13393.6523	0.0180266956	0.900098339
13436.7188	0.0197690015	0.900091527
13479.7852	0.0130504583	0.900190313
13522.8516	0.0154569256	0.900189665
13565.918	0.0527614826	0.900426296
13608.9844	0.120074915	0.901944572
13652.0508	0.082390817	0.901110578
13695.1172	0.0131928521	0.900206294
13738.1836	0.00378085358	0.900277462
13781.25	0.00662382521	0.900216181
13824.3164	0.00718975353	0.900192896
13867.3828	0.0138570277	0.900106406
13910.4492	0.0116591811	0.900131085
13953.5156	0.00669126796	0.900195391
13996.582	0.0187204488	0.900066528
14039.6484	0.0221065894	0.900044187
14082.7148	0.0145379039	0.900154854
14125.7812	0.0370705864	0.900168309
14168.8477	0.0364997081	0.900108617
14211.9141	0.079747928	0.901076617
14254.9805	0.0820347607	0.901142855
14298.0469	0.0185750942	0.900136943
14341.1133	0.0111738845	0.900196316
14384.1797	0.0171912306	0.900105291
14427.2461	0.0197799417	0.900060466
14470.3125	0.0168148254	0.900084977
14513.3789	0.016798799	0.900078524
14556.4453	0.02088919	0.900026967
14599.5117	0.0291326194	0.900142294
14642.5781	0.018612112	0.900047778
14685.6445	0.0219938436	0.900004782
14728.7109	0.0197278116	0.900029457
14771.7773	0.021249888	0.900010376
14814.8438	0.0300872611	0.900186655
14857.9102	0.0424844964	0.900485964
14900.9766	0.0171082546	0.900036671
14944.043	0.0136422512	0.900062286
14987.1094	0.0149628705	0.900033865
15030.1758	0.0144706807	0.900028781
15073.2422	0.0140169331	0.900024677
15116.3086	0.0139374001	0.900017338
15159.375	0.00577074483	0.900107425
15202.4414	0.00655114465	0.900096057
15245.5078	0.0154360356	0.90001421
15288.5742	0.0209612124	0.900138437
15331.6406	0.0169654713	0.900047471
15374.707	0.0130285664	0.900020344
15417.7734	0.0197600271	0.900119927
15460.8398	0.0273670663	0.900306026
15503.9062	0.00768876727	0.900066082
15546.9727	0.0135721724	0.900025616
15590.0391	0.00663496143	0.900060118
15633.1055	0.0110185564	0.900001183
15676.1719	0.0102747284	0.900003528
15719.2383	0.00681786456	0.900038442
15762.3047	0.00589568965	0.900045015
15805.3711	0.00718706767	0.900027408
15848.4375	0.00930510586	0.900001302
15891.5039	0.0114466196	0.900048882
15934.5703	0.011115223	0.900045062
15977.6367	0.00475610832	0.90004971
16020.7031	0.010010452	0.900026758
16063.7695	0.0142609003	0.900128563
16106.8359	0.0120602667	0.900086297
16149.9023	0.00482464582	0.900035373
16192.9688	0.00316103186	0.900050153
16236.0352	0.00615668984	0.90001181
16279.1016	0.0112604345	0.90009987
16322.168	0.00728638763	0.900016032
16365.2344	0.00407128266	0.900025231
16408.3008	0.00332669693	0.900030431
16451.3672	0.00877664722	0.90007192
16494.4336	0.00266904458	0.900032108
16537.5	0.00325507955	0.900022708
16580.5664	0.00368898398	0.900016261
16623.6328	0.00540075285	0.900009048
16666.6992	0.00558523539	0.90001469
16709.7656	0.00458222827	0.900003396
16752.832	0.00497575406	0.900004286
16795.8984	0.00555310864	0.900019711
16838.9648	0.00335510245	0.900014651
16882.0312	0.00262323109	0.900022616
16925.0977	0.00596189798	0.900032998
16968.1641	0.00718688693	0.900062525
17011.2305	0.00138845885	0.900035146
17054.2969	0.00523830129	0.900021785
17097.3633	0.00306186404	0.900013951
17140.4297	0.00227070639	0.900023209
17183.4961	0.00454446835	0.900005797
17226.5625	0.00203567282	0.900027812
17269.6289	0.0023507	0.900026265
17312.6953	0.00337066218	0.900017615
17355.7617	0.00457742352	0.900007616
17398.8281	0.00920924294	0.900083817
17441.8945	0.00800517963	0.90005056
17484.9609	0.00397193039	0.900023631
17528.0273	0.00632388653	0.900003748
17571.0938	0.00462268341	0.90002083
17614.1602	0.00911651892	0.900057341
17657.2266	0.0127744402	0.900138748
17700.293	0.00618169541	0.900006165
17743.3594	0.0067018595	0.900002494
17786.4258	0.00212546292	0.90005207
17829.4922	0.00161152202	0.900059515
17872.5586	0.00729362715	0.900007902
17915.625	0.0119360746	0.900108231
17958.6914	0.0131867388	0.900134843
18001.7578	0.00494094788	0.900027302
18044.8242	0.00211464169	0.900060275
18087.8906	0.00225261621	0.900060868
18130.957	0.0107272998	0.900068453
18174.0234	0.0195773935	0.900268016
18217.0898	0.00917942267	0.90003194
18260.1562	0.00651614051	0.900011309
18303.2227	0.0024010441	0.900056864
18346.2891	0.00479477185	0.900027549
18389.3555	0.0120234417	0.900113555
18432.4219	0.0107633129	0.900088579
18475.4883	0.00388908304	0.900032212
18518.5547	0.00506895127	0.900015205
18561.6211	0.00496049846	0.900014341
18604.6875	0.0051998682	0.900010041
18647.7539	0.00853200546	0.900059953
18690.8203	0.00459888698	0.900013803
18733.8867	0.000962119451	0.900055441
18776.9531	0.00779100264	0.900049055
18820.0195	0.010223016	0.900106313
18863.0859	0.00414515934	0.90001517
18906.1523	0.00229641077	0.900035014
18949.2188	0.00462149905	0.900006774
18992.2852	0.00101716687	0.90004967
19035.3516	0.00674335971	0.900031958
19078.418	0.00544341877	0.900000691
19121.4844	0.00135483897	0.900051069
19164.5508	0.0035432973	0.900029053
19207.6172	0.00827569541	0.900042759
19250.6836	0.00636454194	0.900005407
19293.75	0.0100449591	0.900066029
19336.8164	0.0131384572	0.900132232
19379.8828	0.00569966236	0.900020811
19422.9492	0.00904755489	0.900036054
19466.0156	0.00814945296	0.900015518
19509.082	0.00851943064	0.900025342
19552.1484	0.00540104084	0.900023005
19595.2148	0.00542301047	0.900022634
19638.2812	0.0120313092	0.900107942
19681.3477	0.014560302	0.900170338
19724.4141	0.00582226469	0.900011054
19767.4805	0.00315519025	0.900037353
19810.5469	0.00378922	0.900026105
19853.6133	0.00309686431	0.900032
19896.6797	0.00345016083	0.900027009
19939.7461	0.00280624089	0.900035276
19982.8125	0.00709946458	0.900026655
20025.8789	0.00887128854	0.900064746
20068.9453	0.00688967216	0.900018511
20112.0117	0.00765432546	0.900037269
20155.0781	0.00409248754	0.900022029
20198.1445	0.00123341653	0.900055843
20241.2109	0.00134915494	0.900056931
20284.2773	0.00492655285	0.900019534
20327.3438	0.0078203414	0.900017047
20370.4102	0.00363770216	0.900047072
20413.4766	0.0111540977	0.900067333
20456.543	0.0188166824	0.900233417
20499.6094	0.0142721446	0.900126392
20542.6758	0.00653456792	0.900024978
20585.7422	0.0093013236	0.900018617
20628.8086	0.00361807632	0.90005638
20671.875	0.00463220603	0.900045143
20714.9414	0.0132352343	0.90010638
20758.0078	0.012892946	0.9000976
20801.0742	0.00966034142	0.900026274
20844.1406	0.00869711365	0.900009208
20887.207	0.00645215971	0.900019089
20930.2734	0.00133320578	0.900078159
20973.3398	0.00919847534	0.900027132
21016.4062	0.00540396642	0.90003259
21059.4727	0.00791072415	0.900005465
21102.5391	0.00462567768	0.90004777
21145.6055	0.00719606061	0.900022566
21188.6719	0.0175987127	0.90018564
21231.7383	0.01776232	0.900185815
21274.8047	0.0132202903	0.900085566
21317.8711	0.0112032842	0.900048567
21360.9375	0.00509613643	0.900041633
21404.0039	0.0043348116	0.900046373
21447.0703	0.00497424026	0.900036721
21490.1367	0.00699843566	0.900012399
21533.2031	0.0114662249	0.900079056
21576.2695	0.00624841689	0.900020227
21619.3359	0.00481867592	0.900036719
21662.4023	0.00590518759	0.900025107
21705.4688	0.00728715449	0.900011363
21748.5352	0.011016305	0.900057987
21791.6016	0.00858008635	0.900001381
21834.668	0.0109749921	0.900048928
21877.7344	0.0117436791	0.900065267
21920.8008	0.00789197012	0.900011325
21963.8672	0.00908540176	0.90000698
22006.9336	0.00896678458	0.900006274
22050	0.00678126514	0.900021236
