
	
43.0664062	6.70640767
86.1328125	6.58267895
129.199219	6.46333692
172.265625	6.36591868
215.332031	6.29035737
258.398438	6.35154439
301.464844	6.95951849
344.53125	7.52106116
387.597656	7.49813221
430.664062	7.42456534
473.730469	7.31044313
516.796875	7.19399341
559.863281	7.08272444
602.929688	6.9742865
645.996094	6.87150345
689.0625	6.76819689
732.128906	6.66837123
775.195312	6.5779618
818.261719	6.50949506
861.328125	6.4675794
904.394531	6.71540395
947.460938	7.1367529
990.527344	7.22870954
1033.59375	7.16272755
1076.66016	7.0785642
1119.72656	6.98920845
1162.79297	6.9021686
1205.85938	6.81701674
1248.92578	6.73624148
1291.99219	6.65614164
1335.05859	6.57493147
1378.125	6.497213
1421.19141	6.43214012
1464.25781	6.37648897
1507.32422	6.39818955
1550.39062	6.56301539
1593.45703	6.64477584
1636.52344	6.58244525
1679.58984	6.51822023
1722.65625	6.44674854
1765.72266	6.37740446
1808.78906	6.30997512
1851.85547	6.24441479
1894.92188	6.17870066
1937.98828	6.11464406
1981.05469	6.05248664
2024.12109	5.99367304
2067.1875	5.94236405
2110.25391	5.90968026
2153.32031	5.97720772
2196.38672	6.05792649
2239.45312	6.08764951
2282.51953	6.10297353
2325.58594	6.10653684
2368.65234	6.10842062
2411.71875	6.10983993
2454.78516	6.11235663
2497.85156	6.11469212
2540.91797	6.11508178
2583.98438	6.11534865
2627.05078	6.11580454
2670.11719	6.12182851
2713.18359	6.12846863
2756.25	6.08589053
2799.31641	5.80345966
2842.38281	5.52079226
2885.44922	5.48819721
2928.51562	5.48405376
2971.58203	5.4849175
3014.64844	5.48435345
3057.71484	5.48519471
3100.78125	5.48721281
3143.84766	5.48749387
3186.91406	5.48806483
3229.98047	5.48791619
3273.04688	5.48813971
3316.11328	5.4876889
3359.17969	5.46348219
3402.24609	5.09993037
3445.3125	4.54753277
3488.37891	4.35978569
3531.44531	4.33291221
3574.51172	4.32719867
3617.57812	4.324142
3660.64453	4.32348119
3703.71094	4.32245226
3746.77734	4.32228217
3789.84375	4.32111428
3832.91016	4.32078076
3875.97656	4.32162593
3919.04297	4.315219
3962.10938	4.30708542
4005.17578	4.10685478
4048.24219	3.62883504
4091.30859	3.34506255
4134.375	3.33360952
4177.44141	3.31917945
4220.50781	3.31642863
4263.57422	3.31574677
4306.64062	3.31301911
4349.70703	3.31150734
4392.77344	3.31131872
4435.83984	3.3094397
4478.90625	3.30745112
4521.97266	3.29918288
4565.03906	3.28342419
4608.10547	3.20271509
4651.17188	2.82559292
4694.23828	2.44920339
4737.30469	2.39153705
4780.37109	2.36325252
4823.4375	2.35985182
4866.50391	2.35936245
4909.57031	2.35772103
4952.63672	2.35686586
4995.70312	2.35475979
5038.76953	2.35491064
5081.83594	2.35440118
5124.90234	2.35076596
5167.96875	2.33541078
5211.03516	2.30560794
5254.10156	2.08363612
5297.16797	1.73115423
5340.23438	1.59640021
5383.30078	1.57499837
5426.36719	1.56706355
5469.43359	1.56470449
5512.5	1.56204238
5555.56641	1.55957372
5598.63281	1.55563153
5641.69922	1.55277483
5684.76562	1.55210336
5727.83203	1.5502296
5770.89844	1.54044656
5813.96484	1.52499281
5857.03125	1.44941868
5900.09766	1.2541204
5943.16406	1.12136965
5986.23047	1.11115974
6029.29688	1.10297891
6072.36328	1.10223294
6115.42969	1.10100469
6158.49609	1.09930996
6201.5625	1.09729106
6244.62891	1.09668401
6287.69531	1.09592772
6330.76172	1.09465873
6373.82812	1.09208526
6416.89453	1.08437949
6459.96094	1.06131462
6503.02734	0.943501236
6546.09375	0.808101391
6589.16016	0.779791922
6632.22656	0.765479151
6675.29297	0.7621074
6718.35938	0.760263783
6761.42578	0.758682935
6804.49219	0.755994574
6847.55859	0.753617449
6890.625	0.752659557
6933.69141	0.752131409
6976.75781	0.750408048
7019.82422	0.742454304
7062.89062	0.729070424
7105.95703	0.670127235
7149.02344	0.562385929
7192.08984	0.513664714
7235.15625	0.502180971
7278.22266	0.495398494
7321.28906	0.49338558
7364.35547	0.491986103
7407.42188	0.490696969
7450.48828	0.488573012
7493.55469	0.487194328
7536.62109	0.485584271
7579.6875	0.485026452
7622.75391	0.481405139
7665.82031	0.473186719
7708.88672	0.449562853
7751.95312	0.381315489
7795.01953	0.327806431
7838.08594	0.321359746
7881.15234	0.315796141
7924.21875	0.314854706
7967.28516	0.314995862
8010.35156	0.314711005
8053.41797	0.314419588
8096.48438	0.312950284
8139.55078	0.311768418
8182.61719	0.311222396
8225.68359	0.310104541
8268.75	0.305670925
8311.81641	0.298979562
8354.88281	0.271902044
8397.94922	0.235837788
8441.01562	0.225938742
8484.08203	0.220570859
8527.14844	0.218628253
8570.21484	0.21829155
8613.28125	0.217749102
8656.34766	0.217666181
8699.41406	0.217672105
8742.48047	0.217377037
8785.54688	0.21685583
8828.61328	0.216439029
8871.67969	0.213348301
8914.74609	0.208093235
8957.8125	0.194181905
9000.87891	0.16717407
9043.94531	0.152511593
9087.01172	0.14981585
9130.07812	0.14773589
9173.14453	0.146647478
9216.21094	0.14641806
9259.27734	0.146375683
9302.34375	0.145962837
9345.41016	0.145302948
9388.47656	0.144699681
9431.54297	0.144674416
9474.60938	0.143855668
9517.67578	0.14185616
9560.74219	0.137401461
9603.80859	0.122708462
9646.875	0.108770354
9689.94141	0.10710269
9733.00781	0.105556219
9776.07422	0.105320795
9819.14062	0.105147233
9862.20703	0.105209704
9905.27344	0.10524091
9948.33984	0.10497599
9991.40625	0.104813351
10034.4727	0.105047092
10077.5391	0.105463273
10120.6055	0.105309683
10163.6719	0.104426194
10206.7383	0.10016891
10249.8047	0.0927783622
10292.8711	0.0904499174
10335.9375	0.0894317431
10379.0039	0.0892563489
10422.0703	0.0895174541
10465.1367	0.0896710521
10508.2031	0.0898476567
10551.2695	0.0899284482
10594.3359	0.089973937
10637.4023	0.0900405195
10680.4688	0.0901547674
10723.5352	0.0896734308
10766.6016	0.0882748547
10809.668	0.0853550529
10852.7344	0.0787158363
10895.8008	0.0746251441
10938.8672	0.0733805335
10981.9336	0.072435054
11025	0.0722738356
11068.0664	0.0723472721
11111.1328	0.0724033268
11154.1992	0.0724353937
11197.2656	0.0724112191
11240.332	0.072353879
11283.3984	0.0721157028
11326.4648	0.0714647757
11369.5312	0.0696806976
11412.5977	0.0676012563
11455.6641	0.0633405606
11498.7305	0.0587360994
11541.7969	0.0576686555
11584.8633	0.0568670179
11627.9297	0.0564928922
11670.9961	0.056298004
11714.0625	0.0563883993
11757.1289	0.0561801021
11800.1953	0.055891326
11843.2617	0.0559976449
11886.3281	0.0561151108
11929.3945	0.0558511743
11972.4609	0.0551528577
12015.5273	0.0540104175
12058.5938	0.0516519686
12101.6602	0.0477286108
12144.7266	0.0460167485
12187.793	0.0454105932
12230.8594	0.0452676896
12273.9258	0.0451466336
12316.9922	0.0450908141
12360.0586	0.0451739967
12403.125	0.0452858647
12446.1914	0.0455061765
12489.2578	0.0456014691
12532.3242	0.0453937561
12575.3906	0.0449111256
12618.457	0.0445353256
12661.5234	0.0433768653
12704.5898	0.0403527009
12747.6562	0.0382908228
12790.7227	0.0381203744
12833.7891	0.0379569169
12876.8555	0.0379916583
12919.9219	0.0379405013
12962.9883	0.037931978
13006.0547	0.0377965038
13049.1211	0.037643362
13092.1875	0.0375934216
13135.2539	0.0375030232
13178.3203	0.0375263637
13221.3867	0.0371058944
13264.4531	0.0364336423
13307.5195	0.0351187913
13350.5859	0.0333242529
13393.6523	0.0331344665
13436.7188	0.0324904291
13479.7852	0.0324281709
13522.8516	0.0324337599
13565.918	0.0323234135
13608.9844	0.0322433227
13652.0508	0.0321696589
13695.1172	0.0321229101
13738.1836	0.0321612344
13781.25	0.0320151409
13824.3164	0.0313624352
13867.3828	0.0304622163
13910.4492	0.0294609707
13953.5156	0.0279964517
13996.582	0.0276075044
14039.6484	0.0269358565
14082.7148	0.0267169796
14125.7812	0.0265781577
14168.8477	0.0263361227
14211.9141	0.0261330939
14254.9805	0.0260260299
14298.0469	0.0260054728
14341.1133	0.0258011958
14384.1797	0.0254977009
14427.2461	0.0249916355
14470.3125	0.0241286363
14513.3789	0.0231207394
14556.4453	0.0216011068
14599.5117	0.0206440362
14642.5781	0.0203705397
14685.6445	0.020149817
14728.7109	0.0199536218
14771.7773	0.0196483221
14814.8438	0.0194432723
14857.9102	0.0192533067
14900.9766	0.0191357223
14944.043	0.0190613852
14987.1094	0.0188495837
15030.1758	0.0185885977
15073.2422	0.0182223029
15116.3086	0.0177915873
15159.375	0.0170109317
15202.4414	0.0161382957
15245.5078	0.0158209683
15288.5742	0.0156196795
15331.6406	0.01547976
15374.707	0.0153515568
15417.7734	0.0152143674
15460.8398	0.0151532762
15503.9062	0.0151313474
15546.9727	0.015133882
15590.0391	0.0150217549
15633.1055	0.0148470664
15676.1719	0.0147338096
15719.2383	0.0146529849
15762.3047	0.0142487729
15805.3711	0.0131904741
15848.4375	0.0124236437
15891.5039	0.0123139585
15934.5703	0.0122988274
15977.6367	0.0123394559
16020.7031	0.0124621058
16063.7695	0.0124157929
16106.8359	0.0123648717
16149.9023	0.0123223942
16192.9688	0.0121845162
16236.0352	0.0120846831
16279.1016	0.0120473109
16322.168	0.0117187811
16365.2344	0.0114075855
16408.3008	0.0106671159
16451.3672	0.00990637441
16494.4336	0.00980693789
16537.5	0.00974183891
16580.5664	0.00958115464
16623.6328	0.00946245227
16666.6992	0.00939718683
16709.7656	0.00927190327
16752.832	0.00908781635
16795.8984	0.00884513199
16838.9648	0.00867092461
16882.0312	0.00851992972
16925.0977	0.00837850009
16968.1641	0.0081815194
17011.2305	0.00791870788
17054.2969	0.00758000688
17097.3633	0.00747363349
17140.4297	0.00743801673
17183.4961	0.00741995324
17226.5625	0.00733311147
17269.6289	0.00728390971
17312.6953	0.0072266033
17355.7617	0.00725381801
17398.8281	0.00724243084
17441.8945	0.00714329198
17484.9609	0.0070548771
17528.0273	0.00703106354
17571.0938	0.00695971402
17614.1602	0.00679530969
17657.2266	0.00656186567
17700.293	0.00651640128
17743.3594	0.00641618335
17786.4258	0.00637827522
17829.4922	0.00633947234
17872.5586	0.00632557689
17915.625	0.00632628786
17958.6914	0.00634370009
18001.7578	0.00631306069
18044.8242	0.00623314297
18087.8906	0.00613316807
18130.957	0.00607189411
18174.0234	0.00610223305
18217.0898	0.00603913652
18260.1562	0.0060083761
18303.2227	0.0060752713
18346.2891	0.00616881089
18389.3555	0.00620221224
18432.4219	0.00623334723
18475.4883	0.00615768031
18518.5547	0.00613140129
18561.6211	0.00622213348
18604.6875	0.00631684882
18647.7539	0.00632559827
18690.8203	0.00638528212
18733.8867	0.00641693638
18776.9531	0.00639361184
18820.0195	0.00643121306
18863.0859	0.00642941831
18906.1523	0.00646237372
18949.2188	0.00645890761
18992.2852	0.00647517447
19035.3516	0.00661620031
19078.418	0.00676609228
19121.4844	0.00683795755
19164.5508	0.00687772386
19207.6172	0.00691443354
19250.6836	0.0069054881
19293.75	0.00692442251
19336.8164	0.00697123171
19379.8828	0.00703976396
19422.9492	0.00708147429
19466.0156	0.0071059097
19509.082	0.00713100401
19552.1484	0.00715783303
19595.2148	0.00717572473
19638.2812	0.00718141688
19681.3477	0.00725075412
19724.4141	0.00730441544
19767.4805	0.00733678461
19810.5469	0.00733647652
19853.6133	0.00729877696
19896.6797	0.00730471329
19939.7461	0.00731074183
19982.8125	0.00736311839
20025.8789	0.00742180815
20068.9453	0.0074231296
20112.0117	0.00737611976
20155.0781	0.00731495534
20198.1445	0.00734021074
20241.2109	0.00739639966
20284.2773	0.00745231035
20327.3438	0.00741632145
20370.4102	0.00728119843
20413.4766	0.00725987007
20456.543	0.00726832154
20499.6094	0.00732426726
20542.6758	0.00735367999
20585.7422	0.00729874162
20628.8086	0.00725749673
20671.875	0.00729808002
20714.9414	0.00732526452
20758.0078	0.00735445916
20801.0742	0.00738139155
20844.1406	0.00736682682
20887.207	0.00740231322
20930.2734	0.0074859521
20973.3398	0.00748193828
21016.4062	0.00744539058
21059.4727	0.0074899883
21102.5391	0.0075611332
21145.6055	0.00760196145
21188.6719	0.00769470503
21231.7383	0.00770829568
21274.8047	0.00774111998
21317.8711	0.00783503588
21360.9375	0.00789909168
21404.0039	0.00789338556
21447.0703	0.00791690624
21490.1367	0.00788365541
21533.2031	0.00780024586
21576.2695	0.00783412624
21619.3359	0.00781423396
21662.4023	0.00780864698
21705.4688	0.0077965998
21748.5352	0.00783790254
21791.6016	0.00788026907
21834.668	0.00780614335
21877.7344	0.00768334047
21920.8008	0.00771780483
21963.8672	0.0078038919
22006.9336	0.00788109713
22050	0.00797490562
