
	
43.0664062	0.0112722293	1.88989196
86.1328125	0.0114615147	1.87157039
129.199219	0.0162075184	1.85322367
172.265625	0.00700612737	1.8401806
215.332031	0.0259406492	1.82620916
258.398438	0.029087474	1.83479054
301.464844	0.0125722753	1.9271228
344.53125	0.0812099019	2
387.597656	0.0702140043	1.99823567
430.664062	0.206808194	1.96716285
473.730469	0.390556147	1.92312202
516.796875	0.943905174	1.82409066
559.863281	10.8040556	0.906809164
602.929688	39.954831	0.960346672
645.996094	33.5912546	0.948890886
689.0625	4.53670467	1.22993152
732.128906	1.14792862	1.71621079
775.195312	0.142939918	1.85143355
818.261719	0.203043473	1.83242412
861.328125	0.0779331589	1.84472465
904.394531	0.0465485367	1.8860064
947.460938	0.118842298	1.93761505
990.527344	0.115191076	1.95175091
1033.59375	0.112548693	1.94238599
1076.66016	0.450777758	1.87993425
1119.72656	1.02747832	1.78145622
1162.79297	5.14883952	1.15923394
1205.85938	44.0900113	0.96820085
1248.92578	61.3880452	1
1291.99219	19.6859664	0.923841527
1335.05859	3.30777003	1.38305772
1378.125	0.704158618	1.7565171
1421.19141	0.316919302	1.80415019
1464.25781	0.103909834	1.82741599
1507.32422	0.142945683	1.82485293
1550.39062	0.172460064	1.84485906
1593.45703	0.246312762	1.84602824
1636.52344	0.131806895	1.85374248
1679.58984	0.0960142566	1.84953868
1722.65625	1.15410093	1.68253075
1765.72266	1.64441138	1.59978447
1808.78906	23.3060488	0.931098834
1851.85547	52.147841	0.983992518
1894.92188	29.6916832	0.943023251
1937.98828	1.73038401	1.54822345
1981.05469	1.66460177	1.54875939
2024.12109	0.331024075	1.73723634
2067.1875	0.138452982	1.75812229
2110.25391	0.303322515	1.72891355
2153.32031	0.174109321	1.75800213
2196.38672	0.0693322453	1.78542814
2239.45312	0.272514215	1.75978182
2282.51953	0.257551663	1.76425976
2325.58594	1.20275193	1.62503646
2368.65234	2.2100465	1.47638404
2411.71875	9.71683058	0.906599948
2454.78516	41.0060678	0.963847318
2497.85156	39.5289937	0.961140345
2540.91797	6.16825308	0.900097291
2583.98438	3.08412002	1.34817448
2627.05078	0.463110099	1.73576454
2670.11719	0.0905604554	1.79173757
2713.18359	0.184048498	1.77889689
2756.25	0.142696414	1.77871562
2799.31641	0.293388404	1.71467736
2842.38281	0.0532703299	1.70838634
2885.44922	0.079877575	1.69963314
2928.51562	0.520530216	1.63386896
2971.58203	1.85375666	1.43687591
3014.64844	3.57539846	1.18224361
3057.71484	24.0631226	0.933993257
3100.78125	37.0525283	0.957757134
3143.84766	13.8495876	0.915300673
3186.91406	2.34604248	1.3645556
3229.98047	0.85047641	1.58565669
3273.04688	0.287526892	1.66892318
3316.11328	0.287140456	1.66891366
3359.17969	0.260322993	1.66929967
3402.24609	0.435771339	1.58960719
3445.3125	0.328254071	1.52383056
3488.37891	0.0781182703	1.53305488
3531.44531	0.202017242	1.51076281
3574.51172	1.09616334	1.37771639
3617.57812	1.75744385	1.27949253
3660.64453	8.22103814	0.907131616
3703.71094	20.5732117	0.929735083
3746.77734	13.6761747	0.917115432
3789.84375	1.15968434	1.36742506
3832.91016	0.866418075	1.41073588
3875.97656	0.0857680769	1.52628183
3919.04297	0.1364374	1.51784296
3962.10938	0.173905122	1.5111007
4005.17578	0.212864064	1.47573594
4048.24219	0.0672873857	1.42658343
4091.30859	0.0933232678	1.38077752
4134.375	0.147532171	1.37106924
4177.44141	0.34756721	1.33936006
4220.50781	0.965392265	1.24760641
4263.57422	2.7066684	0.99005371
4306.64062	12.6624264	0.917107225
4349.70703	14.1298036	0.919794948
4392.77344	3.01329735	0.944063181
4435.83984	1.55918716	1.15877907
4478.90625	0.376102287	1.33340701
4521.97266	0.197267026	1.35862576
4565.03906	0.169290869	1.36043214
4608.10547	0.283274947	1.33164629
4651.17188	0.248456981	1.28103578
4694.23828	0.120565079	1.2442948
4737.30469	0.0971678417	1.23922804
4780.37109	0.252853541	1.21202759
4823.4375	0.998976959	1.10120864
4866.50391	1.61455686	1.01012131
4909.57031	6.50366732	0.907586111
4952.63672	11.4293133	0.916600454
4995.70312	5.04184741	0.904916741
5038.76953	1.24460429	1.06416148
5081.83594	0.729440666	1.14025434
5124.90234	0.230177823	1.21353408
5167.96875	0.146074207	1.22369871
5211.03516	0.162899756	1.21680459
5254.10156	0.250377297	1.17105175
5297.16797	0.147229303	1.13418713
5340.23438	0.172858338	1.11047411
5383.30078	0.0975352489	1.1184465
5426.36719	0.473353167	1.06170772
5469.43359	0.981946536	0.986162172
5512.5	2.70396181	0.902089445
5555.56641	7.37127764	0.910634057
5598.63281	5.59588806	0.907392723
5641.69922	0.723510738	1.0226087
5684.76562	0.593548528	1.04172465
5727.83203	0.127091554	1.1104144
5770.89844	0.00819588418	1.12654697
5813.96484	0.0371678372	1.11997852
5857.03125	0.0390236436	1.10853032
5900.09766	0.155280831	1.06246609
5943.16406	0.128356062	1.04681946
5986.23047	0.0981211148	1.04978021
6029.29688	0.18137679	1.0362611
6072.36328	0.507000925	0.988006493
6115.42969	0.822919381	0.941115585
6158.49609	3.08275451	0.903629239
6201.5625	3.86784776	0.90506947
6244.62891	1.03066115	0.909761639
6287.69531	0.573628318	0.977223229
6330.76172	0.207164951	1.0312181
6373.82812	0.053190839	1.05360305
6416.89453	0.0695854365	1.05003975
6459.96094	0.0278287113	1.05280339
6503.02734	0.0214201536	1.03633192
6546.09375	0.0502818564	1.01204545
6589.16016	0.0827333233	1.0030618
6632.22656	0.0567049958	1.00479397
6675.29297	0.367659477	0.958320079
6718.35938	0.6184192	0.920972065
6761.42578	1.56521137	0.901475758
6804.49219	2.9167285	0.903953637
6847.55859	1.51365075	0.901390683
6890.625	0.343952724	0.960428294
6933.69141	0.227382671	0.97758537
6976.75781	0.119639821	0.993260608
7019.82422	0.0411340535	1.00369189
7062.89062	0.0182649109	1.00509431
7105.95703	0.056324606	0.990752203
7149.02344	0.0806754945	0.971222053
7192.08984	0.0685058634	0.965817813
7235.15625	0.028422423	0.970046347
7278.22266	0.153372883	0.950569314
7321.28906	0.302882903	0.928166281
7364.35547	0.565311369	0.900134168
7407.42188	1.64396957	0.902110219
7450.48828	1.45185722	0.901762584
7493.55469	0.23943149	0.936632335
7536.62109	0.184456866	0.944522415
7579.6875	0.0490592089	0.964458811
7622.75391	0.0492617165	0.96389345
7665.82031	0.0182676683	0.967260882
7708.88672	0.0109882917	0.964844309
7751.95312	0.0376098402	0.950817711
7795.01953	0.0397275238	0.942593163
7838.08594	0.0103002591	0.945990897
7881.15234	0.0127673532	0.944803539
7924.21875	0.108076235	0.930572697
7967.28516	0.196615256	0.917502859
8010.35156	0.588050716	0.900500148
8053.41797	0.848085249	0.900976483
8096.48438	0.268349181	0.906594381
8139.55078	0.128483701	0.927099089
8182.61719	0.0401537644	0.940078153
8225.68359	0.0104255398	0.944308265
8268.75	0.012383518	0.943363252
8311.81641	0.00273792814	0.943800042
8354.88281	0.00895437503	0.938877449
8397.94922	0.00597554498	0.933985688
8441.01562	0.0169378278	0.930901291
8484.08203	0.0193650071	0.929748772
8527.14844	0.0876464594	0.919365975
8570.21484	0.187109156	0.904610392
8613.28125	0.377116853	0.900291606
8656.34766	0.763274544	0.900998336
8699.41406	0.454419211	0.900433192
8742.48047	0.154041028	0.909364382
8785.54688	0.113597227	0.915267034
8828.61328	0.0355554643	0.926744073
8871.67969	0.0110617364	0.929908558
8914.74609	0.00962519235	0.92934398
8957.8125	0.0117504965	0.926972925
9000.87891	0.00836734431	0.923479958
9043.94531	0.0238180383	0.919027653
9087.01172	0.0438248068	0.915671032
9130.07812	0.0787940877	0.910193212
9173.14453	0.195648816	0.900089661
9216.21094	0.26278505	0.900212924
9259.27734	0.55040519	0.900739279
9302.34375	0.54744139	0.900734612
9345.41016	0.121004691	0.903592556
9388.47656	0.0847462511	0.90886426
9431.54297	0.0444105174	0.91482426
9474.60938	0.0268734632	0.917296102
9517.67578	0.00472710314	0.920274863
9560.74219	0.0326971979	0.915480778
9603.80859	0.0358576518	0.912841102
9646.875	0.00798224511	0.914901766
9689.94141	0.0102425311	0.914321009
9733.00781	0.0411954878	0.90951589
9776.07422	0.107600569	0.900004171
9819.14062	0.15188617	0.900085521
9862.20703	0.317951267	0.900389267
9905.27344	0.478293891	0.9006826
9948.33984	0.191473193	0.90015827
9991.40625	0.0723955618	0.904793049
10034.4727	0.0316244944	0.910855709
10077.5391	0.0320065995	0.910860747
10120.6055	0.0224525922	0.912250621
10163.6719	0.00839736375	0.914198095
10206.7383	0.0095905165	0.913392235
10249.8047	0.006881127	0.912700114
10292.8711	0.0089875646	0.912044406
10335.9375	0.0429728571	0.906869059
10379.0039	0.0684734883	0.903072796
10422.0703	0.0592056868	0.904481668
10465.1367	0.147091757	0.900105066
10508.2031	0.347925102	0.900472221
10551.2695	0.22535794	0.900247804
10594.3359	0.0308575384	0.908740502
10637.4023	0.0314720771	0.908659486
10680.4688	0.0109617969	0.911708872
10723.5352	0.0191837987	0.910422063
10766.6016	0.0147982467	0.910863694
10809.668	0.019453642	0.909743683
10852.7344	0.0220184685	0.908382843
10895.8008	0.0204800136	0.908005488
10938.8672	0.0300914486	0.906400396
10981.9336	0.014608085	0.908549857
11025	0.0554959625	0.902480649
11068.0664	0.087657493	0.900028014
11111.1328	0.160167017	0.900160587
11154.1992	0.18893714	0.900213171
11197.2656	0.0327406058	0.905865396
11240.332	0.0716827364	0.90009923
11283.3984	0.0173066301	0.908103654
11326.4648	0.00971024163	0.909130557
11369.5312	0.0179628508	0.907646609
11412.5977	0.01398486	0.907927314
11455.6641	0.0146271099	0.907202401
11498.7305	0.0140267366	0.906610387
11541.7969	0.00757586751	0.90740634
11584.8633	0.0258706627	0.904582886
11627.9297	0.0706793891	0.900025958
11670.9961	0.100932555	0.900081671
11714.0625	0.115386714	0.900107953
11757.1289	0.159976684	0.900189923
11800.1953	0.0441083229	0.901742146
11843.2617	0.0709974624	0.900027446
11886.3281	0.0282632631	0.904117963
11929.3945	0.0252814431	0.904519809
11972.4609	0.0317319209	0.903462842
12015.5273	0.0245771911	0.904351774
12058.5938	0.0141401623	0.905546211
12101.6602	0.0108529178	0.90545216
12144.7266	0.0233010189	0.903358576
12187.793	0.0339080673	0.901700676
12230.8594	0.0548015892	0.900017445
12273.9258	0.0925636738	0.900086762
12316.9922	0.107382824	0.90011398
12360.0586	0.158065113	0.900206564
12403.125	0.101639884	0.900103115
12446.1914	0.0331762579	0.901823008
12489.2578	0.0256480981	0.902950154
12532.3242	0.0224389446	0.903393924
12575.3906	0.0367971661	0.901199669
12618.457	0.0278969203	0.902460028
12661.5234	0.0205749847	0.903371313
12704.5898	0.0171143202	0.903435851
12747.6562	0.010569915	0.904098603
12790.7227	0.0236626619	0.902137608
12833.7891	0.0309040482	0.901042784
12876.8555	0.0390314543	0.900001903
12919.9219	0.0458529716	0.900014478
12962.9883	0.0822168732	0.900081031
13006.0547	0.0927136638	0.900100486
13049.1211	0.0412593063	0.900006616
13092.1875	0.028335357	0.901368827
13135.2539	0.0181037923	0.902868223
13178.3203	0.0192724115	0.902698891
13221.3867	0.0184788166	0.902754058
13264.4531	0.0152867238	0.903126623
13307.5195	0.0149892497	0.902976201
13350.5859	0.00592570662	0.904050941
13393.6523	0.0180266956	0.90223372
13436.7188	0.0197690015	0.901880894
13479.7852	0.0130504583	0.902865042
13522.8516	0.0154569256	0.902510066
13565.918	0.0527614826	0.900037397
13608.9844	0.120074915	0.900160711
13652.0508	0.082390817	0.900091893
13695.1172	0.0131928521	0.902798855
13738.1836	0.00378085358	0.904196108
13781.25	0.00662382521	0.903754167
13824.3164	0.00718975353	0.903573989
13867.3828	0.0138570277	0.902455117
13910.4492	0.0116591811	0.902632038
13953.5156	0.00669126796	0.903150023
13996.582	0.0187204488	0.901313973
14039.6484	0.0221065894	0.900714019
14082.7148	0.0145379039	0.901800706
14125.7812	0.0370705864	0.900019199
14168.8477	0.0364997081	0.900018597
14211.9141	0.079747928	0.900098103
14254.9805	0.0820347607	0.900102483
14298.0469	0.0185750942	0.901098599
14341.1133	0.0111738845	0.902162683
14384.1797	0.0171912306	0.901228132
14427.2461	0.0197799417	0.900770562
14470.3125	0.0168148254	0.901081365
14513.3789	0.016798799	0.900934714
14556.4453	0.02088919	0.900105259
14599.5117	0.0291326194	0.900015532
14642.5781	0.018612112	0.900259988
14685.6445	0.0219938436	0.900003374
14728.7109	0.0197278116	0.900033387
14771.7773	0.021249888	0.90000293
14814.8438	0.0300872611	0.900019476
14857.9102	0.0424844964	0.900042508
14900.9766	0.0171082546	0.900299766
14944.043	0.0136422512	0.900801232
14987.1094	0.0149628705	0.90057466
15030.1758	0.0144706807	0.900608844
15073.2422	0.0140169331	0.900621774
15116.3086	0.0139374001	0.900569851
15159.375	0.00577074483	0.901661889
15202.4414	0.00655114465	0.901417483
15245.5078	0.0154360356	0.900056913
15288.5742	0.0209612124	0.900009774
15331.6406	0.0169654713	0.900002719
15374.707	0.0130285664	0.90034346
15417.7734	0.0197600271	0.900008317
15460.8398	0.0273670663	0.900022348
15503.9062	0.00768876727	0.901100403
15546.9727	0.0135721724	0.900230903
15590.0391	0.00663496143	0.901240008
15633.1055	0.0110185564	0.900566054
15676.1719	0.0102747284	0.900659286
15719.2383	0.00681786456	0.901158441
15762.3047	0.00589568965	0.901235024
15805.3711	0.00718706767	0.900887618
15848.4375	0.00930510586	0.900461083
15891.5039	0.0114466196	0.900128238
15934.5703	0.011115223	0.900174999
15977.6367	0.00475610832	0.901121216
16020.7031	0.010010452	0.900362483
16063.7695	0.0142609003	0.900003376
16106.8359	0.0120602667	0.900045037
16149.9023	0.00482464582	0.90110856
16192.9688	0.00316103186	0.901334144
16236.0352	0.00615668984	0.900876468
16279.1016	0.0112604345	0.900116342
16322.168	0.00728638763	0.90065534
16365.2344	0.00407128266	0.90108469
16408.3008	0.00332669693	0.901085299
16451.3672	0.00877664722	0.900167033
16494.4336	0.00266904458	0.901055355
16537.5	0.00325507955	0.900959083
16580.5664	0.00368898398	0.900871172
16623.6328	0.00540075285	0.900600532
16666.6992	0.00558523539	0.900563606
16709.7656	0.00458222827	0.90069338
16752.832	0.00497575406	0.900607978
16795.8984	0.00555310864	0.900486734
16838.9648	0.00335510245	0.900785957
16882.0312	0.00262323109	0.900871841
16925.0977	0.00596189798	0.9003573
16968.1641	0.00718688693	0.900147059
17011.2305	0.00138845885	0.900965513
17054.2969	0.00523830129	0.900346227
17097.3633	0.00306186404	0.900652291
17140.4297	0.00227070639	0.900763999
17183.4961	0.00454446835	0.900425147
17226.5625	0.00203567282	0.900783239
17269.6289	0.0023507	0.900729387
17312.6953	0.00337066218	0.90057011
17355.7617	0.00457742352	0.900395711
17398.8281	0.00920924294	0.900003599
17441.8945	0.00800517963	0.900001577
17484.9609	0.00397193039	0.900455821
17528.0273	0.00632388653	0.900104558
17571.0938	0.00462268341	0.900345536
17614.1602	0.00911651892	0.900004247
17657.2266	0.0127744402	0.900011368
17700.293	0.00618169541	0.900049487
17743.3594	0.0067018595	0.900000523
17786.4258	0.00212546292	0.900628789
17829.4922	0.00161152202	0.900699039
17872.5586	0.00729362715	0.900001771
17915.625	0.0119360746	0.900010265
17958.6914	0.0131867388	0.900012521
18001.7578	0.00494094788	0.90020287
18044.8242	0.00211464169	0.90060893
18087.8906	0.00225261621	0.900573749
18130.957	0.0107272998	0.900008518
18174.0234	0.0195773935	0.900024656
18217.0898	0.00917942267	0.900005746
18260.1562	0.00651614051	0.900000929
18303.2227	0.0024010441	0.900543243
18346.2891	0.00479477185	0.900203155
18389.3555	0.0120234417	0.900010651
18432.4219	0.0107633129	0.900008289
18475.4883	0.00388908304	0.900335418
18518.5547	0.00506895127	0.900157086
18561.6211	0.00496049846	0.900186536
18604.6875	0.0051998682	0.900165148
18647.7539	0.00853200546	0.900004037
18690.8203	0.00459888698	0.900264123
18733.8867	0.000962119451	0.900806508
18776.9531	0.00779100264	0.900002557
18820.0195	0.010223016	0.900006938
18863.0859	0.00414515934	0.900337733
18906.1523	0.00229641077	0.900615948
18949.2188	0.00462149905	0.900271665
18992.2852	0.00101716687	0.90080698
19035.3516	0.00674335971	0.900000233
19078.418	0.00544341877	0.90019556
19121.4844	0.00135483897	0.900810692
19164.5508	0.0035432973	0.900493003
19207.6172	0.00827569541	0.900002491
19250.6836	0.00636454194	0.90007998
19293.75	0.0100449591	0.90000571
19336.8164	0.0131384572	0.900011285
19379.8828	0.00569966236	0.900198137
19422.9492	0.00904755489	0.900003597
19466.0156	0.00814945296	0.900001909
19509.082	0.00851943064	0.90000254
19552.1484	0.00540104084	0.900259746
19595.2148	0.00542301047	0.900259143
19638.2812	0.0120313092	0.900008874
19681.3477	0.014560302	0.900013375
19724.4141	0.00582226469	0.90021914
19767.4805	0.00315519025	0.900618259
19810.5469	0.00378922	0.90052447
19853.6133	0.00309686431	0.900621263
19896.6797	0.00345016083	0.900569905
19939.7461	0.00280624089	0.900666001
19982.8125	0.00709946458	0.900038982
20025.8789	0.00887128854	0.900002652
20068.9453	0.00688967216	0.900078873
20112.0117	0.00765432546	0.900000509
20155.0781	0.00409248754	0.90047645
20198.1445	0.00123341653	0.900902904
20241.2109	0.00134915494	0.9008941
20284.2773	0.00492655285	0.900373439
20327.3438	0.0078203414	0.900000739
20370.4102	0.00363770216	0.9005387
20413.4766	0.0111540977	0.900007126
20456.543	0.0188166824	0.900021131
20499.6094	0.0142721446	0.900012713
20542.6758	0.00653456792	0.900121108
20585.7422	0.0093013236	0.900003664
20628.8086	0.00361807632	0.900538097
20671.875	0.00463220603	0.900394156
20714.9414	0.0132352343	0.900010814
20758.0078	0.012892946	0.900010134
20801.0742	0.00966034142	0.90000417
20844.1406	0.00869711365	0.900002434
20887.207	0.00645215971	0.900140482
20930.2734	0.00133320578	0.900909698
20973.3398	0.00919847534	0.900003141
21016.4062	0.00540396642	0.900301829
21059.4727	0.00791072415	0.90000077
21102.5391	0.00462567768	0.900434014
21145.6055	0.00719606061	0.900060013
21188.6719	0.0175987127	0.900018122
21231.7383	0.01776232	0.900018397
21274.8047	0.0132202903	0.900010026
21317.8711	0.0112032842	0.900006163
21360.9375	0.00509613643	0.900414424
21404.0039	0.0043348116	0.900526144
21447.0703	0.00497424026	0.90043508
21490.1367	0.00699843566	0.900130882
21533.2031	0.0114662249	0.900006708
21576.2695	0.00624841689	0.900234451
21619.3359	0.00481867592	0.900442901
21662.4023	0.00590518759	0.900281431
21705.4688	0.00728715449	0.900075323
21748.5352	0.011016305	0.900005816
21791.6016	0.00858008635	0.900001281
21834.668	0.0109749921	0.900005798
21877.7344	0.0117436791	0.900007429
21920.8008	0.00789197012	0.900000319
21963.8672	0.00908540176	0.900002345
22006.9336	0.00896678458	0.900001987
22050	0.00678126514	0.900176483
